0
32
33
36
37
40
41
42
43
44
45
46
48
58
60
63
65
91
92
93
94
95
96
97
123
124
125
126
127
160
161
162
166
167
168
169
170
171
172
173
174
175
176
177
178
180
181
182
184
185
186
187
188
191
192
215
216
223
224
247
248
255
256
257
258
259
260
261
262
263
264
265
266
267
268
269
270
271
272
273
274
275
276
277
278
279
280
281
282
283
284
285
286
287
288
289
290
291
292
293
294
295
296
297
298
299
300
301
302
303
304
305
306
307
308
309
310
311
312
313
314
315
316
317
318
319
320
321
322
323
324
325
326
327
328
329
330
331
332
333
334
335
336
337
338
339
340
341
342
343
344
345
346
347
348
349
350
351
352
353
354
355
356
357
358
359
360
361
362
363
364
365
366
367
368
369
370
371
372
373
374
375
376
377
378
379
380
381
382
383
384
385
386
387
388
389
390
391
392
393
395
396
397
398
399
400
401
402
403
404
405
406
407
408
409
410
411
412
413
414
415
416
417
418
419
420
421
422
423
424
425
426
428
429
430
431
432
433
435
436
437
438
439
440
441
442
443
444
445
446
447
448
452
453
454
455
456
457
458
459
460
461
462
463
464
465
466
467
468
469
470
471
472
473
474
475
476
477
478
479
480
481
482
483
484
485
486
487
488
489
490
491
492
493
494
495
496
497
498
499
500
501
502
503
504
505
506
507
508
509
510
511
512
513
514
515
516
517
518
519
520
521
522
523
524
525
526
527
528
529
530
531
532
533
534
535
536
537
538
539
540
541
542
543
544
545
546
547
548
549
550
551
552
553
554
555
556
557
558
559
560
561
562
563
564
570
571
572
573
574
575
577
578
579
580
581
582
583
584
585
586
587
588
589
590
591
592
593
594
595
596
597
598
600
601
602
603
604
605
608
609
610
611
612
613
614
615
616
617
618
619
620
621
623
624
625
626
627
629
630
637
638
640
641
642
643
644
647
648
649
650
652
653
658
659
660
661
669
670
671
688
706
710
722
736
741
748
749
750
751
768
837
838
880
881
882
883
884
885
886
887
890
891
894
895
900
902
903
904
908
910
912
913
931
940
941
944
945
962
963
972
973
975
976
977
978
981
982
983
984
985
986
987
988
989
990
991
992
993
994
995
996
997
998
999
1000
1001
1002
1003
1004
1005
1006
1007
1008
1009
1010
1011
1012
1013
1014
1015
1016
1017
1018
1019
1020
1021
1024
1040
1072
1104
1120
1121
1122
1123
1124
1125
1126
1127
1128
1129
1130
1131
1132
1133
1134
1135
1136
1137
1138
1139
1140
1141
1142
1143
1144
1145
1146
1147
1148
1149
1150
1151
1152
1153
1154
1155
1160
1162
1163
1164
1165
1166
1167
1168
1169
1170
1171
1172
1173
1174
1175
1176
1177
1178
1179
1180
1181
1182
1183
1184
1185
1186
1187
1188
1189
1190
1191
1192
1193
1194
1195
1196
1197
1198
1199
1200
1201
1202
1203
1204
1205
1206
1207
1208
1209
1210
1211
1212
1213
1214
1215
1216
1217
1218
1219
1220
1221
1222
1223
1224
1225
1226
1227
1228
1229
1230
1231
1232
1233
1234
1235
1236
1237
1238
1239
1240
1241
1242
1243
1244
1245
1246
1247
1248
1249
1250
1251
1252
1253
1254
1255
1256
1257
1258
1259
1260
1261
1262
1263
1264
1265
1266
1267
1268
1269
1270
1271
1272
1273
1274
1275
1276
1277
1278
1279
1280
1281
1282
1283
1284
1285
1286
1287
1288
1289
1290
1291
1292
1293
1294
1295
1296
1297
1298
1299
1300
1301
1302
1303
1304
1305
1306
1307
1308
1309
1310
1311
1312
1313
1314
1315
1316
1317
1318
1319
1320
1321
1322
1323
1324
1325
1326
1327
1329
1369
1370
1376
1377
1415
1417
1418
1421
1423
1425
1470
1471
1472
1473
1475
1476
1478
1479
1488
1519
1523
1536
1542
1545
1547
1548
1550
1552
1563
1564
1565
1568
1600
1601
1611
1632
1642
1646
1648
1649
1748
1749
1750
1757
1758
1759
1765
1767
1769
1770
1774
1776
1786
1789
1791
1792
1807
1808
1809
1810
1840
1869
1958
1969
1984
1994
2027
2036
2038
2039
2042
2045
2046
2048
2070
2074
2075
2084
2085
2088
2089
2096
2112
2137
2142
2144
2160
2184
2185
2192
2200
2208
2249
2250
2274
2275
2307
2308
2362
2363
2364
2365
2366
2369
2377
2381
2382
2384
2385
2392
2402
2404
2406
2416
2417
2418
2433
2434
2437
2447
2451
2474
2482
2486
2492
2493
2494
2497
2503
2507
2509
2510
2519
2524
2527
2530
2534
2544
2546
2548
2554
2555
2556
2557
2558
2561
2563
2565
2575
2579
2602
2610
2613
2616
2620
2622
2625
2631
2635
2641
2649
2654
2662
2672
2674
2677
2678
2689
2691
2693
2703
2707
2730
2738
2741
2748
2749
2750
2753
2759
2761
2763
2765
2768
2784
2786
2790
2800
2801
2809
2810
2817
2818
2821
2831
2835
2858
2866
2869
2876
2877
2878
2879
2880
2881
2887
2891
2893
2901
2903
2908
2911
2914
2918
2928
2929
2930
2946
2947
2949
2958
2962
2969
2972
2974
2979
2984
2990
3006
3008
3009
3014
3018
3021
3024
3031
3046
3056
3059
3065
3066
3072
3073
3076
3077
3086
3090
3114
3132
3133
3134
3137
3142
3146
3157
3160
3165
3168
3170
3174
3191
3192
3199
3200
3201
3202
3204
3205
3214
3218
3242
3253
3260
3261
3262
3263
3264
3270
3271
3274
3276
3285
3293
3296
3298
3302
3313
3328
3330
3332
3342
3346
3387
3389
3390
3393
3398
3402
3405
3406
3407
3412
3415
3416
3423
3426
3430
3440
3449
3450
3457
3458
3461
3482
3507
3517
3520
3530
3535
3538
3542
3544
3558
3570
3572
3585
3633
3634
3636
3647
3648
3654
3655
3663
3664
3674
3713
3716
3718
3724
3749
3751
3761
3762
3764
3773
3776
3782
3784
3792
3804
3840
3841
3844
3859
3860
3861
3864
3866
3872
3882
3892
3893
3894
3895
3896
3897
3898
3899
3900
3901
3902
3904
3913
3953
3967
3968
3973
3974
3976
3981
3993
4030
4038
4039
4046
4048
4053
4057
4096
4139
4141
4145
4146
4152
4153
4155
4157
4159
4160
4170
4176
4182
4184
4186
4190
4193
4194
4197
4199
4206
4209
4213
4226
4227
4229
4231
4237
4238
4239
4240
4250
4253
4254
4256
4295
4301
4304
4347
4348
4349
4352
4682
4688
4696
4698
4704
4746
4752
4786
4792
4800
4802
4808
4824
4882
4888
4957
4960
4969
4992
5008
5024
5104
5112
5120
5121
5741
5742
5743
5760
5761
5787
5788
5792
5867
5870
5873
5888
5906
5909
5919
5938
5940
5941
5952
5970
5984
5998
6002
6016
6068
6070
6071
6078
6086
6087
6089
6100
6103
6104
6107
6108
6109
6112
6128
6144
6150
6151
6155
6158
6159
6160
6176
6211
6212
6272
6277
6279
6313
6314
6320
6400
6432
6435
6439
6441
6448
6450
6451
6457
6464
6468
6470
6480
6512
6528
6576
6608
6618
6622
6656
6679
6681
6683
6686
6688
6741
6742
6743
6744
6752
6753
6754
6755
6757
6765
6771
6783
6784
6800
6816
6823
6824
6832
6846
6847
6912
6916
6917
6964
6965
6966
6971
6972
6973
6978
6979
6981
6992
7002
7009
7019
7028
7037
7040
7042
7043
7073
7074
7078
7080
7082
7083
7086
7088
7098
7142
7143
7144
7146
7149
7150
7151
7154
7164
7168
7204
7212
7220
7222
7227
7232
7245
7248
7258
7288
7294
7296
7297
7298
7299
7301
7302
7303
7304
7312
7357
7360
7376
7379
7380
7393
7394
7401
7405
7406
7412
7413
7415
7416
7418
7424
7468
7531
7544
7545
7546
7549
7550
7566
7567
7579
7616
7680
7681
7682
7683
7684
7685
7686
7687
7688
7689
7690
7691
7692
7693
7694
7695
7696
7697
7698
7699
7700
7701
7702
7703
7704
7705
7706
7707
7708
7709
7710
7711
7712
7713
7714
7715
7716
7717
7718
7719
7720
7721
7722
7723
7724
7725
7726
7727
7728
7729
7730
7731
7732
7733
7734
7735
7736
7737
7738
7739
7740
7741
7742
7743
7744
7745
7746
7747
7748
7749
7750
7751
7752
7753
7754
7755
7756
7757
7758
7759
7760
7761
7762
7763
7764
7765
7766
7767
7768
7769
7770
7771
7772
7773
7774
7775
7776
7777
7778
7779
7780
7781
7782
7783
7784
7785
7786
7787
7788
7789
7790
7791
7792
7793
7794
7795
7796
7797
7798
7799
7800
7801
7802
7803
7804
7805
7806
7807
7808
7809
7810
7811
7812
7813
7814
7815
7816
7817
7818
7819
7820
7821
7822
7823
7824
7825
7826
7827
7828
7829
7830
7835
7836
7838
7839
7840
7841
7842
7843
7844
7845
7846
7847
7848
7849
7850
7851
7852
7853
7854
7855
7856
7857
7858
7859
7860
7861
7862
7863
7864
7865
7866
7867
7868
7869
7870
7871
7872
7873
7874
7875
7876
7877
7878
7879
7880
7881
7882
7883
7884
7885
7886
7887
7888
7889
7890
7891
7892
7893
7894
7895
7896
7897
7898
7899
7900
7901
7902
7903
7904
7905
7906
7907
7908
7909
7910
7911
7912
7913
7914
7915
7916
7917
7918
7919
7920
7921
7922
7923
7924
7925
7926
7927
7928
7929
7930
7931
7932
7933
7934
7935
7936
7944
7952
7960
7968
7976
7984
7992
8000
8008
8016
8017
8018
8019
8020
8021
8022
8023
8025
8027
8029
8031
8032
8040
8048
8050
8054
8056
8058
8060
8064
8072
8080
8088
8096
8104
8112
8114
8115
8116
8118
8120
8122
8124
8125
8126
8127
8130
8131
8132
8134
8136
8140
8141
8144
8146
8150
8152
8154
8157
8160
8162
8165
8166
8168
8170
8172
8173
8178
8179
8180
8182
8184
8186
8188
8189
8192
8203
8208
8214
8216
8217
8218
8219
8221
8222
8223
8224
8232
8233
8234
8239
8240
8249
8250
8251
8255
8257
8260
8261
8262
8263
8274
8275
8276
8277
8287
8288
8294
8304
8305
8308
8314
8317
8318
8319
8320
8330
8333
8334
8336
8352
8400
8413
8417
8418
8421
8448
8450
8451
8455
8456
8458
8459
8462
8464
8467
8468
8469
8470
8472
8473
8478
8484
8485
8486
8487
8488
8489
8490
8491
8492
8494
8495
8496
8498
8499
8500
8501
8505
8506
8508
8510
8512
8517
8518
8522
8523
8524
8526
8527
8528
8544
8560
8576
8579
8580
8581
8585
8586
8592
8597
8602
8604
8608
8609
8611
8612
8614
8615
8622
8623
8654
8656
8658
8659
8660
8661
8692
8960
8968
8969
8970
8971
8972
8992
8994
9001
9002
9003
9084
9085
9115
9140
9180
9186
9280
9312
9372
9398
9424
9450
9472
9655
9656
9665
9666
9720
9728
9839
9840
10088
10089
10090
10091
10092
10093
10094
10095
10096
10097
10098
10099
10100
10101
10102
10132
10176
10181
10182
10183
10214
10215
10216
10217
10218
10219
10220
10221
10222
10223
10224
10240
10496
10627
10628
10629
10630
10631
10632
10633
10634
10635
10636
10637
10638
10639
10640
10641
10642
10643
10644
10645
10646
10647
10648
10649
10712
10713
10714
10715
10716
10748
10749
10750
11008
11056
11077
11079
11085
11126
11159
11264
11312
11360
11361
11362
11363
11364
11365
11366
11367
11368
11369
11370
11371
11372
11373
11374
11375
11376
11377
11378
11379
11380
11381
11382
11383
11388
11390
11392
11393
11394
11395
11396
11397
11398
11399
11400
11401
11402
11403
11404
11405
11406
11407
11408
11409
11410
11411
11412
11413
11414
11415
11416
11417
11418
11419
11420
11421
11422
11423
11424
11425
11426
11427
11428
11429
11430
11431
11432
11433
11434
11435
11436
11437
11438
11439
11440
11441
11442
11443
11444
11445
11446
11447
11448
11449
11450
11451
11452
11453
11454
11455
11456
11457
11458
11459
11460
11461
11462
11463
11464
11465
11466
11467
11468
11469
11470
11471
11472
11473
11474
11475
11476
11477
11478
11479
11480
11481
11482
11483
11484
11485
11486
11487
11488
11489
11490
11491
11492
11493
11499
11500
11501
11502
11503
11506
11507
11513
11517
11518
11520
11559
11565
11568
11631
11632
11647
11648
11680
11688
11696
11704
11712
11720
11728
11736
11744
11776
11778
11779
11780
11781
11782
11785
11786
11787
11788
11789
11790
11799
11800
11802
11803
11804
11805
11806
11808
11809
11810
11811
11812
11813
11814
11815
11816
11817
11818
11823
11824
11834
11836
11840
11841
11842
11843
11856
11858
11861
11862
11863
11864
11865
11866
11867
11868
11869
11904
11931
12032
12272
12288
12289
12292
12293
12294
12295
12296
12297
12298
12299
12300
12301
12302
12303
12304
12305
12306
12308
12309
12310
12311
12312
12313
12314
12315
12316
12317
12318
12320
12321
12330
12334
12336
12337
12342
12344
12347
12348
12349
12350
12353
12441
12443
12445
12447
12448
12449
12539
12540
12543
12549
12593
12688
12690
12694
12704
12736
12784
12800
12832
12842
12872
12880
12881
12896
12928
12938
12977
12992
13312
19904
19968
40981
40982
42128
42192
42232
42238
42240
42508
42509
42512
42528
42538
42560
42561
42562
42563
42564
42565
42566
42567
42568
42569
42570
42571
42572
42573
42574
42575
42576
42577
42578
42579
42580
42581
42582
42583
42584
42585
42586
42587
42588
42589
42590
42591
42592
42593
42594
42595
42596
42597
42598
42599
42600
42601
42602
42603
42604
42605
42606
42607
42608
42611
42612
42622
42623
42624
42625
42626
42627
42628
42629
42630
42631
42632
42633
42634
42635
42636
42637
42638
42639
42640
42641
42642
42643
42644
42645
42646
42647
42648
42649
42650
42651
42652
42654
42656
42726
42736
42738
42752
42775
42784
42786
42787
42788
42789
42790
42791
42792
42793
42794
42795
42796
42797
42798
42799
42800
42802
42803
42804
42805
42806
42807
42808
42809
42810
42811
42812
42813
42814
42815
42816
42817
42818
42819
42820
42821
42822
42823
42824
42825
42826
42827
42828
42829
42830
42831
42832
42833
42834
42835
42836
42837
42838
42839
42840
42841
42842
42843
42844
42845
42846
42847
42848
42849
42850
42851
42852
42853
42854
42855
42856
42857
42858
42859
42860
42861
42862
42863
42864
42865
42873
42874
42875
42876
42877
42878
42879
42880
42881
42882
42883
42884
42885
42886
42887
42888
42889
42891
42892
42893
42894
42895
42896
42897
42898
42899
42900
42901
42902
42903
42904
42905
42906
42907
42908
42909
42910
42911
42912
42913
42914
42915
42916
42917
42918
42919
42920
42921
42922
42923
42924
42925
42926
42927
42928
42929
42930
42931
42932
42933
42934
42935
42936
42937
42938
42939
42940
42941
42942
42943
42944
42945
42946
42947
42948
42949
42950
42951
42952
42953
42954
42960
42961
42963
42965
42966
42967
42968
42969
42994
42997
42998
42999
43000
43002
43003
43010
43011
43014
43015
43019
43020
43043
43045
43047
43048
43052
43056
43062
43064
43065
43072
43124
43136
43138
43188
43204
43214
43216
43232
43250
43256
43259
43260
43261
43263
43264
43274
43302
43310
43312
43335
43346
43359
43360
43392
43395
43396
43443
43444
43446
43450
43452
43454
43457
43471
43472
43486
43488
43493
43494
43495
43504
43514
43520
43561
43567
43569
43571
43573
43584
43587
43588
43596
43597
43600
43612
43616
43632
43633
43639
43642
43643
43644
43645
43646
43696
43697
43698
43701
43703
43705
43710
43712
43713
43714
43739
43741
43742
43744
43755
43756
43758
43760
43762
43763
43765
43766
43777
43785
43793
43808
43816
43824
43859
43860
43867
43868
43872
43881
43882
43888
43968
44003
44005
44006
44008
44009
44011
44012
44013
44016
44032
55216
55243
55296
56192
56320
57344
63744
64112
64256
64275
64285
64286
64287
64297
64298
64312
64318
64320
64323
64326
64434
64467
64830
64831
64832
64848
64914
64975
65008
65020
65021
65024
65040
65047
65048
65049
65056
65072
65073
65075
65077
65078
65079
65080
65081
65082
65083
65084
65085
65086
65087
65088
65089
65090
65091
65092
65093
65095
65096
65097
65101
65104
65108
65112
65113
65114
65115
65116
65117
65118
65119
65122
65123
65124
65128
65129
65130
65136
65142
65279
65281
65284
65285
65288
65289
65290
65291
65292
65293
65294
65296
65306
65308
65311
65313
65339
65340
65341
65342
65343
65344
65345
65371
65372
65373
65374
65375
65376
65377
65378
65379
65380
65382
65392
65393
65438
65440
65474
65482
65490
65498
65504
65506
65507
65508
65509
65512
65513
65517
65529
65532
65536
65549
65576
65596
65599
65616
65664
65792
65799
65847
65856
65909
65913
65930
65932
65936
65952
66000
66045
66176
66208
66272
66273
66304
66336
66349
66369
66370
66378
66384
66422
66432
66463
66464
66504
66512
66513
66560
66600
66640
66720
66736
66776
66816
66864
66927
66928
66940
66956
66964
66967
66979
66995
67003
67072
67392
67424
67456
67463
67506
67584
67592
67594
67639
67644
67647
67671
67672
67680
67703
67705
67712
67751
67808
67828
67835
67840
67862
67871
67872
67903
67968
68028
68030
68032
68050
68096
68097
68101
68108
68112
68117
68121
68152
68159
68160
68176
68192
68221
68223
68224
68253
68288
68296
68297
68325
68331
68336
68352
68409
68416
68440
68448
68472
68480
68505
68521
68608
68736
68800
68858
68864
68900
68912
69216
69248
69291
69293
69296
69376
69405
69415
69424
69446
69457
69461
69488
69506
69510
69552
69573
69600
69632
69633
69634
69635
69688
69703
69714
69734
69744
69745
69747
69749
69759
69762
69763
69808
69811
69815
69817
69819
69821
69822
69826
69837
69840
69872
69888
69891
69927
69932
69933
69942
69952
69956
69957
69959
69968
70003
70004
70006
70016
70018
70019
70067
70070
70079
70081
70085
70089
70093
70094
70095
70096
70106
70107
70108
70109
70113
70144
70163
70188
70191
70194
70196
70197
70198
70200
70206
70272
70280
70282
70287
70303
70313
70320
70367
70368
70371
70384
70400
70402
70405
70415
70419
70442
70450
70453
70459
70461
70462
70464
70465
70471
70475
70480
70487
70493
70498
70502
70512
70656
70709
70712
70720
70722
70725
70726
70727
70731
70736
70746
70749
70750
70751
70784
70832
70835
70841
70842
70843
70847
70849
70850
70852
70854
70855
70864
71040
71087
71090
71096
71100
71102
71103
71105
71128
71132
71168
71216
71219
71227
71229
71230
71231
71233
71236
71248
71264
71296
71339
71340
71341
71342
71344
71350
71351
71352
71353
71360
71424
71453
71456
71458
71462
71463
71472
71482
71484
71487
71488
71680
71724
71727
71736
71737
71739
71840
71872
71904
71914
71935
71945
71948
71957
71960
71984
71991
71995
71997
71998
71999
72000
72001
72002
72003
72004
72016
72096
72106
72145
72148
72154
72156
72160
72161
72162
72163
72164
72192
72193
72203
72243
72249
72250
72251
72255
72263
72272
72273
72279
72281
72284
72330
72343
72344
72346
72349
72350
72368
72704
72714
72751
72752
72760
72766
72767
72768
72769
72784
72794
72816
72818
72850
72873
72874
72881
72882
72884
72885
72960
72968
72971
73009
73018
73020
73023
73030
73031
73040
73056
73063
73066
73098
73104
73107
73109
73110
73111
73112
73120
73440
73459
73461
73463
73648
73664
73685
73693
73697
73727
73728
74752
74864
74880
77712
77809
77824
78896
82944
92160
92736
92768
92782
92784
92864
92880
92912
92917
92928
92976
92983
92988
92992
92996
92997
93008
93019
93027
93053
93760
93792
93824
93847
93952
94031
94032
94033
94095
94099
94176
94178
94179
94180
94192
94208
100352
101632
110576
110581
110589
110592
110928
110948
110960
113664
113776
113792
113808
113820
113821
113823
113824
118528
118576
118608
118784
119040
119081
119141
119143
119146
119149
119155
119163
119171
119173
119180
119210
119214
119296
119362
119365
119520
119552
119648
119808
119834
119860
119886
119894
119912
119938
119964
119966
119970
119973
119977
119982
119990
119995
119997
120005
120016
120042
120068
120071
120077
120086
120094
120120
120123
120128
120134
120138
120146
120172
120198
120224
120250
120276
120302
120328
120354
120380
120406
120432
120458
120488
120513
120514
120539
120540
120546
120571
120572
120597
120598
120604
120629
120630
120655
120656
120662
120687
120688
120713
120714
120720
120745
120746
120771
120772
120778
120779
120782
120832
121344
121399
121403
121453
121461
121462
121476
121477
121479
121499
121505
122624
122634
122635
122880
122888
122907
122915
122918
123136
123184
123191
123200
123214
123215
123536
123566
123584
123628
123632
123647
124896
124904
124909
124912
124928
125127
125136
125184
125218
125252
125259
125264
125278
126065
126124
126125
126128
126129
126209
126254
126255
126464
126469
126497
126500
126503
126505
126516
126521
126523
126530
126535
126537
126539
126541
126545
126548
126551
126553
126555
126557
126559
126561
126564
126567
126572
126580
126585
126590
126592
126603
126625
126629
126635
126704
126976
127024
127136
127153
127169
127185
127232
127245
127462
127504
127552
127568
127584
127744
127995
128000
128733
128752
128768
128896
128992
129008
129024
129040
129104
129120
129168
129200
129280
129632
129648
129656
129664
129680
129712
129728
129744
129760
129776
129792
129940
130032
131072
173824
177984
178208
183984
194560
196608
917505
917536
917760
983040
1048576
